-0.9030899869919435	-1.4624	-0.024	0.	-1.4624	-0.024	0.
-0.6020599913279624	-2.1472	-1.6708	0.	-2.1472	-1.6708	0.
-0.42596873227228116	-1.9165333333333332	-1.7448	0.	-1.9165333333333332	-1.7448	0.
-0.3010299956639812	-1.5736	-1.4948	0.	-1.5736	-1.4948	0.
-0.2041199826559248	-1.3065600000000002	-1.2614400000000001	0.	-1.3065600000000002	-1.2614400000000001	0.
-0.12493873660829995	-1.1147999999999998	-1.0841333333333334	0.	-1.1147999999999998	-1.0841333333333334	0.
-0.057991946977686754	-0.9707428571428571	-0.9482285714285714	0.	-0.9707428571428571	-0.9482285714285714	0.
0.	-0.8734	-0.8568	0.	-0.8734	-0.8568	0.
0.05115252244738129	-0.7800888888888888	-0.766311111111111	0.	-0.7800888888888888	-0.766311111111111	0.
0.09691001300805642	-0.72296	-0.71088	0.	-0.72296	-0.71088	0.
0.13830269816628146	-0.6664	-0.6577454545454545	0.	-0.6664	-0.6577454545454545	0.
0.17609125905568124	-0.6155333333333333	-0.6083333333333333	0.	-0.6155333333333333	-0.6083333333333333	0.
0.21085336531489318	-0.5728	-0.5667076923076924	0.	-0.5728	-0.5667076923076924	0.
0.24303804868629444	-0.5406857142857143	-0.5345714285714286	0.	-0.5406857142857143	-0.5345714285714286	0.
0.27300127206373764	-0.5139733333333333	-0.5096	0.	-0.5139733333333333	-0.5096	0.
0.3010299956639812	-0.48445	-0.4799	0.	-0.48445	-0.4799	0.
0.32735893438633035	-0.45849411764705883	-0.45581176470588236	0.	-0.45849411764705883	-0.45581176470588236	0.
0.3521825181113625	-0.44075555555555557	-0.43662222222222224	0.	-0.44075555555555557	-0.43662222222222224	0.
0.3756636139608854	-0.42075789473684205	-0.41692631578947364	0.	-0.42075789473684205	-0.41692631578947364	0.
0.3979400086720376	-0.40432	-0.40184	0.	-0.40432	-0.40184	0.
0.4191293077419757	-0.38944761904761904	-0.38685714285714284	-0.00003809523809523809	-0.38944761904761904	-0.38685714285714284	-0.00003809523809523809
0.43933269383026263	-0.3708363636363637	-0.3693454545454546	-0.00010909090909090908	-0.3708363636363637	-0.3693454545454546	-0.00010909090909090908
0.4586378490256493	-0.36073043478260863	-0.3578782608695652	-0.00031304347826086954	-0.36073043478260863	-0.3578782608695652	-0.00031304347826086954
0.47712125471966244	-0.34496666666666664	-0.3433333333333333	-0.0009333333333333333	-0.34496666666666664	-0.3433333333333333	-0.0009333333333333333
0.494850021680094	-0.333696	-0.33193600000000006	-0.0023680000000000003	-0.333696	-0.33193600000000006	-0.0023680000000000003
0.5118833609788743	-0.32289230769230776	-0.3214769230769231	-0.004646153846153847	-0.32289230769230776	-0.3214769230769231	-0.004646153846153847
0.5282737771670437	-0.31066666666666665	-0.30865185185185184	-0.007674074074074074	-0.31066666666666665	-0.30865185185185184	-0.007674074074074074
0.5440680443502757	-0.30139999999999995	-0.2996857142857143	-0.01097142857142857	-0.30139999999999995	-0.2996857142857143	-0.01097142857142857
0.5593080109070125	-0.29409655172413796	-0.2937103448275862	-0.014620689655172414	-0.29409655172413796	-0.2937103448275862	-0.014620689655172414
0.5740312677277188	-0.28143999999999997	-0.2808	-0.01821333333333333	-0.28143999999999997	-0.2808	-0.01821333333333333
0.5882717068423291	-0.2752774193548387	-0.2736258064516129	-0.021574193548387095	-0.2752774193548387	-0.2736258064516129	-0.021574193548387095
0.6020599913279624	-0.2669	-0.265675	-0.024525	-0.2669	-0.265675	-0.024525
0.6154239528859439	-0.26082424242424246	-0.2600727272727273	-0.027466666666666667	-0.26082424242424246	-0.2600727272727273	-0.027466666666666667
0.6283889300503115	-0.2549411764705882	-0.253035294117647	-0.029552941176470584	-0.2549411764705882	-0.253035294117647	-0.029552941176470584
0.640978057358332	-0.24697142857142856	-0.2457142857142857	-0.031245714285714283	-0.24697142857142856	-0.2457142857142857	-0.031245714285714283
0.6532125137753437	-0.2386	-0.23822222222222222	-0.03273333333333333	-0.2386	-0.23822222222222222	-0.03273333333333333
0.6651117370750514	-0.23461621621621623	-0.23403243243243246	-0.034248648648648655	-0.23461621621621623	-0.23403243243243246	-0.034248648648648655
0.6766936096248666	-0.2305052631578947	-0.22953684210526315	-0.03557894736842105	-0.2305052631578947	-0.22953684210526315	-0.03557894736842105
0.6879746200345557	-0.22502564102564102	-0.22467692307692305	-0.03675897435897436	-0.22502564102564102	-0.22467692307692305	-0.03675897435897436
0.6989700043360189	-0.21946	-0.21864	-0.03766	-0.21946	-0.21864	-0.03766
0.7096938697277919	-0.21574634146341462	-0.21459512195121955	-0.038946341463414635	-0.21574634146341462	-0.21459512195121955	-0.038946341463414635
0.7201593034059569	-0.20889523809523808	-0.20826666666666663	-0.03914285714285714	-0.20889523809523808	-0.20826666666666663	-0.03914285714285714
0.730378468587643	-0.20770232558139537	-0.20727441860465118	-0.040148837209302325	-0.20770232558139537	-0.20727441860465118	-0.040148837209302325
0.7403626894942439	-0.20203636363636363	-0.20150909090909092	-0.041345454545454546	-0.20203636363636363	-0.20150909090909092	-0.041345454545454546
0.7501225267834001	-0.19802666666666666	-0.1977066666666667	-0.04133333333333334	-0.19802666666666666	-0.1977066666666667	-0.04133333333333334
0.7596678446896304	-0.19638260869565216	-0.1958260869565217	-0.041756521739130435	-0.19638260869565216	-0.1958260869565217	-0.041756521739130435
0.7690078709437739	-0.18856170212765955	-0.1881191489361702	-0.042314893617021274	-0.18856170212765955	-0.1881191489361702	-0.042314893617021274
0.7781512503836436	-0.18768333333333334	-0.18778333333333333	-0.04329999999999999	-0.18768333333333334	-0.18778333333333333	-0.04329999999999999
0.7871060930365701	-0.18382040816326528	-0.18333061224489794	-0.04365714285714286	-0.18382040816326528	-0.18333061224489794	-0.04365714285714286
0.7958800173440752	-0.180944	-0.18052800000000002	-0.045152000000000005	-0.180944	-0.18052800000000002	-0.045152000000000005
0.8044801891059927	-0.17883921568627448	-0.1783686274509804	-0.044972549019607844	-0.17883921568627448	-0.1783686274509804	-0.044972549019607844
0.8129133566428556	-0.1710615384615385	-0.1701846153846154	-0.04552307692307692	-0.1710615384615385	-0.1701846153846154	-0.04552307692307692
0.8211858826088455	-0.17157735849056605	-0.17107924528301885	-0.0451622641509434	-0.17157735849056605	-0.17107924528301885	-0.0451622641509434
0.829303772831025	-0.16672592592592592	-0.16608888888888887	-0.046518518518518515	-0.16672592592592592	-0.16608888888888887	-0.046518518518518515
0.8372727025023002	-0.16587636363636363	-0.16571636363636363	-0.047345454545454545	-0.16587636363636363	-0.16571636363636363	-0.047345454545454545
0.8450980400142568	-0.16005714285714287	-0.15995714285714283	-0.04707142857142857	-0.16005714285714287	-0.15995714285714283	-0.04707142857142857
0.8527848686805478	-0.1590877192982456	-0.15861052631578948	-0.04734035087719298	-0.1590877192982456	-0.15861052631578948	-0.04734035087719298
0.8603380065709937	-0.1557103448275862	-0.1551034482758621	-0.04809655172413793	-0.1557103448275862	-0.1551034482758621	-0.04809655172413793
0.8677620246502006	-0.15138983050847457	-0.1512	-0.04832542372881356	-0.15138983050847457	-0.1512	-0.04832542372881356
0.8750612633917001	-0.15189333333333332	-0.15162666666666666	-0.04905333333333333	-0.15189333333333332	-0.15162666666666666	-0.04905333333333333
0.8822398480188235	-0.15151475409836065	-0.15131803278688524	-0.04984918032786886	-0.15151475409836065	-0.15131803278688524	-0.04984918032786886
0.8893017025063102	-0.1461290322580645	-0.14566451612903225	-0.04921290322580645	-0.1461290322580645	-0.14566451612903225	-0.04921290322580645
0.8962505624616381	-0.14537142857142857	-0.14488888888888887	-0.04967619047619047	-0.14537142857142857	-0.14488888888888887	-0.04967619047619047
0.9030899869919435	-0.1428375	-0.1425125	-0.0498625	-0.1428375	-0.1425125	-0.0498625
0.909823369650912	-0.14224	-0.14184615384615387	-0.05016615384615385	-0.14224	-0.14184615384615387	-0.05016615384615385
0.9164539485499251	-0.1410787878787879	-0.14012121212121212	-0.05059393939393939	-0.1410787878787879	-0.14012121212121212	-0.05059393939393939
0.9229848157088828	-0.13777910447761194	-0.1373014925373134	-0.049540298507462686	-0.13777910447761194	-0.1373014925373134	-0.049540298507462686
0.9294189257142927	-0.1337529411764706	-0.13361176470588235	-0.05029411764705882	-0.1337529411764706	-0.13361176470588235	-0.05029411764705882
0.9357591037453117	-0.13166376811594202	-0.1317449275362319	-0.051072463768115944	-0.13166376811594202	-0.1317449275362319	-0.051072463768115944
0.9420080530223133	-0.13286857142857145	-0.13286857142857145	-0.05121142857142857	-0.13286857142857145	-0.13286857142857145	-0.05121142857142857
0.9481683617271317	-0.13053521126760564	-0.13024225352112676	-0.051628169014084506	-0.13053521126760564	-0.13024225352112676	-0.051628169014084506
0.9542425094393249	-0.12791111111111111	-0.1276	-0.051555555555555556	-0.12791111111111111	-0.1276	-0.051555555555555556
0.9602328731285124	-0.12534794520547943	-0.1256	-0.05179178082191781	-0.12534794520547943	-0.1256	-0.05179178082191781
0.9661417327390326	-0.1239027027027027	-0.12368648648648649	-0.051632432432432436	-0.1239027027027027	-0.12368648648648649	-0.051632432432432436
0.9719712763997564	-0.12439466666666667	-0.12420266666666668	-0.051328000000000006	-0.12439466666666667	-0.12420266666666668	-0.051328000000000006
0.9777236052888477	-0.123	-0.12246315789473683	-0.051305263157894736	-0.123	-0.12246315789473683	-0.051305263157894736
0.9834007381805383	-0.11985454545454546	-0.11966753246753246	-0.05166753246753247	-0.11985454545454546	-0.11966753246753246	-0.05166753246753247
0.9890046156985368	-0.1159897435897436	-0.11579487179487179	-0.05201025641025641	-0.1159897435897436	-0.11579487179487179	-0.05201025641025641
0.9945371042984978	-0.11732658227848101	-0.1171746835443038	-0.05152405063291139	-0.11732658227848101	-0.1171746835443038	-0.05152405063291139
1.	-0.11551	-0.11530000000000001	-0.05118	-0.11551	-0.11530000000000001	-0.05118
1.0053950318867062	-0.1155753086419753	-0.1156246913580247	-0.05196049382716049	-0.1155753086419753	-0.1156246913580247	-0.05196049382716049
1.0107238653917732	-0.11376585365853659	-0.11367804878048782	-0.05201951219512196	-0.11376585365853659	-0.11367804878048782	-0.05201951219512196
1.0159881053841304	-0.11249156626506025	-0.11233734939759037	-0.052915662650602414	-0.11249156626506025	-0.11233734939759037	-0.052915662650602414
1.021189299069938	-0.11054285714285714	-0.11030476190476189	-0.051695238095238086	-0.11054285714285714	-0.11030476190476189	-0.051695238095238086
1.026328938722349	-0.11055058823529412	-0.11037176470588236	-0.05191529411764706	-0.11055058823529412	-0.11037176470588236	-0.05191529411764706
1.0314084642516241	-0.1072	-0.10693023255813953	-0.05175813953488372	-0.1072	-0.10693023255813953	-0.05175813953488372
1.036429265626675	-0.1064	-0.10612413793103448	-0.05200919540229885	-0.1064	-0.10612413793103448	-0.05200919540229885
1.0413926851582251	-0.10779090909090909	-0.10764545454545454	-0.05210909090909092	-0.10779090909090909	-0.10764545454545454	-0.05210909090909092
1.0463000196529693	-0.10251685393258428	-0.10242696629213482	-0.05186516853932584	-0.10251685393258428	-0.10242696629213482	-0.05186516853932584
1.0511525224473812	-0.10368000000000001	-0.10385777777777778	-0.052	-0.10368000000000001	-0.10385777777777778	-0.052
1.05595140532915	-0.10210989010989012	-0.1019956043956044	-0.0515956043956044	-0.10210989010989012	-0.1019956043956044	-0.0515956043956044
1.0606978403536116	-0.10276521739130434	-0.10286956521739131	-0.05226086956521739	-0.10276521739130434	-0.10286956521739131	-0.05226086956521739
1.0653929615619915	-0.10060215053763441	-0.10037849462365593	-0.051423655913978496	-0.10060215053763441	-0.10037849462365593	-0.051423655913978496
1.070037866607755	-0.09794893617021276	-0.09780425531914894	-0.05121702127659574	-0.09794893617021276	-0.09780425531914894	-0.05121702127659574
1.0746336182969043	-0.09871999999999999	-0.0985515789473684	-0.05138526315789473	-0.09871999999999999	-0.0985515789473684	-0.05138526315789473
1.0791812460476249	-0.09634999999999999	-0.09609999999999999	-0.051574999999999996	-0.09634999999999999	-0.09609999999999999	-0.051574999999999996
1.0836817472743012	-0.09538144329896908	-0.09529896907216494	-0.05136494845360825	-0.09538144329896908	-0.09529896907216494	-0.05136494845360825
1.0881360887005513	-0.09573061224489796	-0.09568979591836733	-0.05129795918367346	-0.09573061224489796	-0.09568979591836733	-0.05129795918367346
1.0925452076056064	-0.0957010101010101	-0.09560404040404041	-0.05067474747474748	-0.0957010101010101	-0.09560404040404041	-0.05067474747474748
1.0969100130080565	-0.09288	-0.09284800000000001	-0.050496	-0.09288	-0.09284800000000001	-0.050496
1.101231386790699	-0.09302178217821783	-0.09295049504950495	-0.051081188118811884	-0.09302178217821783	-0.09295049504950495	-0.051081188118811884
1.105510184769974	-0.09051764705882352	-0.09044705882352941	-0.051011764705882354	-0.09051764705882352	-0.09044705882352941	-0.051011764705882354
1.1097472377132287	-0.09141747572815534	-0.09141747572815534	-0.051161165048543684	-0.09141747572815534	-0.09141747572815534	-0.051161165048543684
1.1139433523068367	-0.09073076923076924	-0.09055384615384617	-0.051300000000000005	-0.09073076923076924	-0.09055384615384617	-0.051300000000000005
1.1180993120779945	-0.08832000000000001	-0.08816761904761905	-0.05080380952380952	-0.08832000000000001	-0.08816761904761905	-0.05080380952380952
1.1222158782728267	-0.08892075471698112	-0.08897358490566037	-0.05076981132075471	-0.08892075471698112	-0.08897358490566037	-0.05076981132075471
1.126293790693266	-0.08868037383177568	-0.08865046728971962	-0.05026542056074766	-0.08868037383177568	-0.08865046728971962	-0.05026542056074766
1.130333768495006	-0.08657777777777778	-0.08646666666666666	-0.050029629629629625	-0.08657777777777778	-0.08646666666666666	-0.050029629629629625
1.13433651094868	-0.08699449541284404	-0.08702385321100918	-0.05024587155963303	-0.08699449541284404	-0.08702385321100918	-0.05024587155963303
1.1383026981662814	-0.08626909090909089	-0.08626181818181818	-0.0499490909090909	-0.08626909090909089	-0.08626181818181818	-0.0499490909090909
1.1422329917947138	-0.08403603603603603	-0.08395675675675676	-0.04962162162162162	-0.08403603603603603	-0.08395675675675676	-0.04962162162162162
1.146128035678238	-0.08500714285714285	-0.08497857142857142	-0.049742857142857144	-0.08500714285714285	-0.08497857142857142	-0.049742857142857144
1.1499884564914762	-0.08366725663716813	-0.08345486725663717	-0.0495929203539823	-0.08366725663716813	-0.08345486725663717	-0.0495929203539823
1.153814864344529	-0.08256842105263158	-0.08243508771929825	-0.049557894736842106	-0.08256842105263158	-0.08243508771929825	-0.049557894736842106
1.157607853361668	-0.08164173913043478	-0.08120347826086957	-0.04955826086956522	-0.08164173913043478	-0.08120347826086957	-0.04955826086956522
1.1613680022349748	-0.08152413793103448	-0.08171724137931034	-0.04953103448275862	-0.08152413793103448	-0.08171724137931034	-0.04953103448275862
1.1650958747542182	-0.0808957264957265	-0.08076581196581198	-0.04869743589743591	-0.0808957264957265	-0.08076581196581198	-0.04869743589743591
1.1687920203141817	-0.07904406779661016	-0.07880000000000001	-0.049057627118644066	-0.07904406779661016	-0.07880000000000001	-0.049057627118644066
1.1724569744005873	-0.07849411764705881	-0.07845378151260504	-0.04824873949579832	-0.07849411764705881	-0.07845378151260504	-0.04824873949579832