-0.9030899869919435	3.7768	0.0608	0.	1.7	0.032	0.
-0.6020599913279624	8.694	6.6032	0.	2.5548	2.0368	0.
-0.42596873227228116	10.5392	9.485066666666667	0.	2.78	2.5232	0.
-0.3010299956639812	10.4876	9.9316	0.	2.8582	2.703	0.
-0.2041199826559248	9.727200000000002	9.40592	0.	2.88416	2.77904	0.
-0.12493873660829995	8.782533333333333	8.584	0.	2.8693333333333335	2.7854666666666668	0.
-0.057991946977686754	7.852457142857142	7.715657142857142	0.	2.793257142857143	2.7297142857142855	0.
0.	7.0886	6.9925	0.	2.756	2.7079	0.
0.05115252244738129	6.331466666666666	6.252711111111111	0.	2.6172444444444443	2.5764444444444443	0.
0.09691001300805642	5.782	5.7194400000000005	0.	2.5731200000000003	2.5317600000000002	0.
0.13830269816628146	5.2584	5.214181818181818	0.	2.470836363636364	2.4437818181818183	0.
0.17609125905568124	4.796333333333333	4.7641333333333336	0.	2.3568666666666664	2.336133333333333	0.
0.21085336531489318	4.396861538461539	4.36923076923077	0.	2.2596307692307693	2.240246153846154	0.
0.24303804868629444	4.082457142857143	4.0564	0.	2.1864	2.1662285714285714	0.
0.27300127206373764	3.8212800000000002	3.8042133333333332	0.	2.1242666666666667	2.1128533333333333	0.
0.3010299956639812	3.55645	3.53805	0.	2.03595	2.02145	0.
0.32735893438633035	3.327905882352941	3.3198117647058822	0.	1.9569882352941175	1.9520941176470588	0.
0.3521825181113625	3.153333333333333	3.1357777777777778	0.	1.9090666666666665	1.894311111111111	0.
0.3756636139608854	2.9757894736842103	2.957557894736842	0.	1.8440421052631577	1.8303157894736843	0.
0.3979400086720376	2.82748	2.8175600000000003	0.00004	1.79104	1.7830400000000002	0.
0.4191293077419757	2.698438095238095	2.6887238095238093	0.00019047619047619048	1.7470095238095236	1.7384	0.00003809523809523809
0.43933269383026263	2.5527272727272727	2.5465454545454547	0.0006181818181818182	1.6808	1.676290909090909	0.00010909090909090908
0.4586378490256493	2.4530434782608697	2.440208695652174	0.0022260869565217394	1.6475478260869565	1.6364869565217393	0.00038260869565217393
0.47712125471966244	2.330833333333333	2.3238666666666665	0.007533333333333333	1.5848666666666666	1.5789666666666666	0.0012333333333333332
0.494850021680094	2.23632	2.228832	0.019776000000000002	1.5444479999999998	1.53856	0.003488
0.5118833609788743	2.1459076923076923	2.141723076923077	0.04030769230769231	1.5002153846153847	1.497046153846154	0.007815384615384615
0.5282737771670437	2.045362962962963	2.0374814814814814	0.06782222222222221	1.4455407407407408	1.4386666666666665	0.014607407407407406
0.5440680443502757	1.977942857142857	1.971085714285714	0.10025714285714285	1.4165999999999999	1.4104857142857143	0.024142857142857143
0.5593080109070125	1.9142896551724138	1.9151724137931034	0.1348137931034483	1.3872551724137931	1.3879724137931033	0.03583448275862069
0.5740312677277188	1.8191733333333333	1.81936	0.16936	1.32712	1.32712	0.049253333333333336
0.5882717068423291	1.7752516129032259	1.767432258064516	0.2046451612903226	1.3098838709677418	1.303225806451613	0.06490322580645161
0.6020599913279624	1.710675	1.7057	0.23705	1.273025	1.268325	0.0814
0.6154239528859439	1.6624	1.6603151515151515	0.26596363636363635	1.2499151515151514	1.2480242424242425	0.09823030303030303
0.6283889300503115	1.6181176470588234	1.6094352941176469	0.2936705882352941	1.2257882352941176	1.2179058823529412	0.11668235294117647
0.640978057358332	1.5586971428571428	1.5535999999999999	0.31602285714285716	1.1888228571428572	1.1839771428571428	0.1337142857142857
0.6532125137753437	1.4963777777777776	1.4955777777777777	0.33324444444444445	1.1464444444444444	1.1461555555555556	0.14913333333333334
0.6651117370750514	1.4678054054054055	1.4648432432432432	0.34994594594594597	1.1344216216216216	1.1317621621621623	0.1649945945945946
0.6766936096248666	1.4344	1.4303368421052631	0.3654736842105263	1.1173052631578946	1.1138105263157896	0.1807578947368421
0.6879746200345557	1.3970461538461538	1.3962051282051282	0.37561025641025636	1.0942153846153846	1.0934564102564102	0.19362051282051282
0.6989700043360189	1.3583600000000002	1.3549200000000001	0.38992000000000004	1.0696999999999999	1.06646	0.20918000000000003
0.7096938697277919	1.329151219512195	1.323687804878049	0.398809756097561	1.0529951219512197	1.0481170731707317	0.22171707317073172
0.7201593034059569	1.2845714285714285	1.282704761904762	0.4083238095238095	1.021885714285714	1.0202857142857142	0.2346095238095238
0.730378468587643	1.2730418604651164	1.2719441860465117	0.4165953488372093	1.020260465116279	1.0193488372093022	0.24654883720930232
0.7403626894942439	1.2322	1.230709090909091	0.41918181818181816	0.9911818181818183	0.9899272727272728	0.2539636363636364
0.7501225267834001	1.2073955555555556	1.2059377777777778	0.4272711111111111	0.9757511111111111	0.9744	0.26572444444444443
0.7596678446896304	1.1909565217391305	1.1885391304347825	0.43135652173913047	0.9681391304347825	0.9659130434782609	0.27410434782608695
0.7690078709437739	1.1389617021276595	1.138331914893617	0.43678297872340427	0.9274042553191489	0.926859574468085	0.28348936170212763
0.7781512503836436	1.1341999999999999	1.1356333333333333	0.4410666666666666	0.92975	0.9313333333333333	0.29131666666666667
0.7871060930365701	1.1079836734693878	1.1059428571428571	0.4430857142857143	0.9112	0.9093714285714284	0.29787755102040814
0.7958800173440752	1.085344	1.083344	0.44331200000000004	0.89656	0.894752	0.302224
0.8044801891059927	1.071027450980392	1.0688470588235295	0.4479843137254902	0.8889411764705882	0.8869176470588235	0.3103372549019608
0.8129133566428556	1.0233692307692308	1.0192615384615387	0.448923076923077	0.8490923076923077	0.8452000000000001	0.3152461538461539
0.8211858826088455	1.0266716981132076	1.024588679245283	0.452588679245283	0.8574339622641509	0.8555018867924528	0.32200754716981134
0.829303772831025	0.9916148148148147	0.9892	0.4549037037037037	0.83	0.8277925925925925	0.32758518518518515
0.8372727025023002	0.9916654545454545	0.991330909090909	0.4534254545454546	0.8332072727272727	0.8329454545454544	0.3296727272727273
0.8450980400142568	0.9521142857142856	0.9502142857142857	0.45489999999999997	0.8002571428571428	0.7985571428571429	0.3345714285714286
0.8527848686805478	0.9428350877192981	0.9408	0.4585824561403508	0.7962807017543859	0.7944140350877192	0.34098245614035083
0.8603380065709937	0.9190482758620689	0.9156965517241379	0.4549241379310345	0.7778206896551724	0.7747724137931034	0.3408137931034483
0.8677620246502006	0.8942101694915254	0.8936271186440677	0.45690847457627115	0.7574779661016949	0.7570983050847457	0.3455322033898305
0.8750612633917001	0.8935599999999999	0.8929999999999999	0.45843999999999996	0.7617866666666666	0.7613333333333333	0.34968
0.8822398480188235	0.8920393442622951	0.8916459016393443	0.4489311475409836	0.7628459016393443	0.7626360655737705	0.3442360655737705
0.8893017025063102	0.8561032258064516	0.854116129032258	0.45405161290322577	0.7319354838709677	0.7300774193548387	0.35149677419354836
0.8962505624616381	0.8513777777777778	0.8492571428571428	0.4554666666666667	0.7314539682539682	0.7293460317460316	0.3553015873015873
0.9030899869919435	0.836525	0.834625	0.45115	0.7197	0.717925	0.353825
0.909823369650912	0.8350892307692308	0.8337723076923077	0.4506215384615385	0.720516923076923	0.7191384615384616	0.35566769230769235
0.9164539485499251	0.8257212121212121	0.8205575757575757	0.4445575757575758	0.7148242424242425	0.7099151515151515	0.35258181818181816
0.9229848157088828	0.8056238805970148	0.8029373134328358	0.45047164179104476	0.6981850746268656	0.6957373134328358	0.3601074626865671
0.9294189257142927	0.7788470588235293	0.7782	0.44058823529411767	0.6753882352941176	0.6748235294117647	0.3533764705882353
0.9357591037453117	0.7695072463768116	0.7696695652173913	0.4500753623188406	0.6681507246376812	0.6683942028985507	0.36361739130434784
0.9420080530223133	0.7753828571428572	0.7761257142857143	0.4429028571428571	0.6766514285714286	0.6772685714285714	0.35906285714285713
0.9481683617271317	0.7578140845070422	0.7570478873239437	0.4396281690140845	0.6623774647887324	0.6616450704225352	0.3580619718309859
0.9542425094393249	0.7443222222222222	0.7433222222222221	0.4344222222222222	0.6509777777777777	0.6499555555555555	0.3550444444444444
0.9602328731285124	0.7242082191780821	0.7272547945205479	0.4339616438356164	0.6337753424657534	0.6366794520547945	0.3562630136986301
0.9661417327390326	0.7166378378378379	0.7163243243243244	0.43031351351351355	0.6287027027027028	0.6283675675675676	0.354972972972973
0.9719712763997564	0.7165226666666666	0.7158186666666667	0.4342080000000001	0.6303573333333334	0.6296426666666667	0.3597653333333333
0.9777236052888477	0.7104210526315788	0.7077684210526315	0.42830526315789474	0.6267684210526315	0.6242315789473684	0.35603157894736837
0.9834007381805383	0.6881558441558442	0.6877818181818183	0.42560000000000003	0.6069818181818182	0.6066389610389611	0.35524155844155847
0.9890046156985368	0.6709333333333333	0.6703384615384615	0.42552820512820516	0.5916615384615385	0.5911076923076923	0.3564
0.9945371042984978	0.6753518987341772	0.6747139240506329	0.43034936708860755	0.5978430379746835	0.5972354430379747	0.3621164556962025
1.	0.66322	0.6623700000000001	0.42654	0.5876100000000001	0.58679	0.36009
1.0053950318867062	0.6646617283950618	0.6654419753086419	0.4229827160493827	0.5904493827160493	0.5912098765432098	0.35802469135802467
1.0107238653917732	0.6529170731707318	0.6526439024390245	0.41458536585365857	0.580419512195122	0.5801463414634147	0.3516
1.0159881053841304	0.6451277108433735	0.6444530120481928	0.41622168674698795	0.5743807228915663	0.5737734939759036	0.3540915662650603
1.021189299069938	0.6341333333333333	0.632847619047619	0.4181047619047619	0.5652095238095238	0.5639904761904762	0.3572190476190476
1.026328938722349	0.6326588235294118	0.6322541176470587	0.4096282352941176	0.5653552941176471	0.5649317647058824	0.35040941176470586
1.0314084642516241	0.6125302325581395	0.6109860465116279	0.41036279069767445	0.5471627906976744	0.5457488372093022	0.35203720930232557
1.036429265626675	0.6050942528735632	0.6040367816091954	0.4047264367816092	0.5410942528735633	0.5400735632183908	0.34788045977011495
1.0413926851582251	0.6133818181818183	0.6130454545454546	0.4016818181818182	0.5503818181818182	0.5500363636363637	0.3460636363636364
1.0463000196529693	0.5828764044943819	0.5827955056179775	0.4047550561797753	0.5218696629213483	0.5218157303370786	0.34989662921348313
1.0511525224473812	0.5920977777777778	0.5928266666666667	0.39839111111111114	0.5317511111111111	0.5324622222222222	0.34501333333333334
1.05595140532915	0.5805274725274726	0.5802021978021978	0.39434725274725274	0.522189010989011	0.5218461538461538	0.342189010989011
1.0606978403536116	0.5832956521739131	0.5841130434782609	0.3924695652173913	0.5257826086956522	0.5266	0.3412347826086956
1.0653929615619915	0.5660473118279571	0.5650924731182796	0.39334193548387103	0.510141935483871	0.5092215053763441	0.3429935483870968
1.070037866607755	0.5533617021276596	0.5530553191489361	0.38872340425531915	0.4985446808510638	0.4982723404255319	0.33936170212765954
1.0746336182969043	0.5606736842105263	0.5600252631578947	0.393818947368421	0.5065178947368421	0.5058947368421053	0.34511157894736844
1.0791812460476249	0.5445666666666666	0.5434166666666667	0.3886666666666666	0.49198333333333333	0.4908333333333333	0.3408583333333333
1.0836817472743012	0.5431340206185566	0.5431340206185566	0.3856494845360825	0.49119999999999997	0.49118350515463916	0.3387876288659794
1.0881360887005513	0.5418204081632653	0.5419836734693877	0.3817142857142857	0.4910285714285714	0.4911428571428571	0.335869387755102
1.0925452076056064	0.5407272727272727	0.5406060606060606	0.38025050505050506	0.4911030303030303	0.49094949494949497	0.335329292929293
1.0969100130080565	0.52676	0.52708	0.375824	0.47791200000000006	0.478184	0.33196800000000004
1.101231386790699	0.5257900990099009	0.5258138613861386	0.36994851485148517	0.47771089108910897	0.4777821782178218	0.3267881188118812
1.105510184769974	0.5105960784313726	0.5106352941176471	0.37167058823529414	0.46380392156862743	0.46384313725490195	0.3290666666666666
1.1097472377132287	0.5149980582524272	0.5151300970873786	0.3663689320388349	0.46898640776699024	0.46911844660194174	0.32486213592233004
1.1139433523068367	0.5118	0.5110230769230769	0.3702769230769231	0.46644615384615384	0.4657153846153846	0.3290846153846154
1.1180993120779945	0.49330285714285715	0.4927085714285715	0.3632457142857143	0.4495238095238096	0.44896	0.3232609523809524
1.1222158782728267	0.5017509433962264	0.5026037735849057	0.3667320754716981	0.4578792452830189	0.45867924528301884	0.3271547169811321
1.126293790693266	0.49783925233644855	0.4979887850467289	0.35493831775700935	0.4550654205607476	0.4552	0.3163364485981308
1.130333768495006	0.4835777777777777	0.48334074074074074	0.3543851851851852	0.44166666666666665	0.4414296296296296	0.31637777777777776
1.13433651094868	0.4890642201834863	0.48959266055045875	0.36026422018348625	0.44780183486238534	0.4482862385321101	0.3225908256880734
1.1383026981662814	0.48210181818181813	0.48260363636363635	0.3490254545454545	0.44190545454545455	0.4423709090909091	0.3123345454545454
1.1422329917947138	0.46934054054054053	0.4691027027027027	0.35426306306306304	0.42981621621621624	0.429563963963964	0.3178594594594595
1.146128035678238	0.4755857142857143	0.4753	0.35142142857142855	0.43658571428571424	0.4363428571428571	0.3156857142857143
1.1499884564914762	0.4658053097345133	0.464941592920354	0.3472778761061947	0.427553982300885	0.42671858407079644	0.3122619469026549
1.153814864344529	0.46192982456140347	0.4612771929824561	0.3477754385964912	0.4243649122807017	0.42374736842105265	0.3132070175438596
1.157607853361668	0.4594017391304348	0.4572034782608696	0.3480417391304348	0.4222052173913044	0.4200208695652174	0.3139130434782609
1.1613680022349748	0.4554758620689655	0.45634482758620687	0.3418137931034482	0.4191379310344827	0.42004137931034485	0.30844827586206897
1.1650958747542182	0.45482393162393164	0.4543384615384616	0.34097777777777777	0.41887179487179493	0.41840000000000005	0.3081367521367522
1.1687920203141817	0.4416135593220339	0.44033220338983053	0.34087457627118645	0.4065491525423729	0.40529491525423733	0.3084
1.1724569744005873	0.4378756302521008	0.4375798319327731	0.33071596638655465	0.40326050420168064	0.4029781512605042	0.2992403361344538