-0.9030899869919435	61.8424	1.436	0.	61.8424	1.436	0.
-0.6020599913279624	58.896	57.6948	0.	58.896	57.6948	0.
-0.42596873227228116	34.93093333333333	37.19733333333333	0.	34.93093333333333	37.19733333333333	0.
-0.3010299956639812	20.3	21.9044	0.	20.3	21.9044	0.
-0.2041199826559248	12.346400000000001	13.344640000000002	0.	12.346400000000001	13.344640000000002	0.
-0.12493873660829995	7.878933333333333	8.528266666666667	0.	7.878933333333333	8.528266666666667	0.
-0.057991946977686754	5.2781714285714285	5.700457142857142	0.	5.2781714285714285	5.700457142857142	0.
0.	3.6987	3.9913	0.	3.6987	3.9913	0.
0.05115252244738129	2.6489777777777777	2.8508444444444443	0.	2.6489777777777777	2.8508444444444443	0.
0.09691001300805642	1.97992	2.13264	0.	1.97992	2.13264	0.
0.13830269816628146	1.5076363636363637	1.6227636363636364	0.	1.5076363636363637	1.6227636363636364	0.
0.17609125905568124	1.1659333333333333	1.2546666666666666	0.	1.1659333333333333	1.2546666666666666	0.
0.21085336531489318	0.9182153846153847	0.9886769230769231	0.	0.9182153846153847	0.9886769230769231	0.
0.24303804868629444	0.7395999999999999	0.7963999999999999	0.	0.7395999999999999	0.7963999999999999	0.
0.27300127206373764	0.6077333333333333	0.6546666666666667	0.	0.6077333333333333	0.6546666666666667	0.
0.3010299956639812	0.50095	0.5388	0.	0.50095	0.5388	0.
0.32735893438633035	0.4185882352941176	0.4511529411764706	0.	0.4185882352941176	0.4511529411764706	0.
0.3521825181113625	0.35435555555555553	0.38097777777777775	0.	0.35435555555555553	0.38097777777777775	0.
0.3756636139608854	0.30088421052631575	0.32290526315789475	0.	0.30088421052631575	0.32290526315789475	0.
0.3979400086720376	0.25968	0.27928000000000003	0.	0.25968	0.27928000000000003	0.
0.4191293077419757	0.22537142857142856	0.2425904761904762	0.00003809523809523809	0.22537142857142856	0.2425904761904762	0.00003809523809523809
0.43933269383026263	0.1950909090909091	0.20992727272727274	0.00018181818181818183	0.1950909090909091	0.20992727272727274	0.00018181818181818183
0.4586378490256493	0.17165217391304347	0.18452173913043476	0.0007652173913043479	0.17165217391304347	0.18452173913043476	0.0007652173913043479
0.47712125471966244	0.15063333333333334	0.1621	0.0027666666666666664	0.15063333333333334	0.1621	0.0027666666666666664
0.494850021680094	0.133824	0.14380800000000002	0.007648	0.133824	0.14380800000000002	0.007648
0.5118833609788743	0.11904615384615386	0.12793846153846156	0.01603076923076923	0.11904615384615386	0.12793846153846156	0.01603076923076923
0.5282737771670437	0.10533333333333332	0.1130074074074074	0.027555555555555555	0.10533333333333332	0.1130074074074074	0.027555555555555555
0.5440680443502757	0.09485714285714286	0.102	0.04151428571428572	0.09485714285714286	0.102	0.04151428571428572
0.5593080109070125	0.08551724137931034	0.09227586206896553	0.05591724137931034	0.08551724137931034	0.09227586206896553	0.05591724137931034
0.5740312677277188	0.07637333333333333	0.08229333333333333	0.07018666666666666	0.07637333333333333	0.08229333333333333	0.07018666666666666
0.5882717068423291	0.0703225806451613	0.07538064516129032	0.08498064516129032	0.0703225806451613	0.07538064516129032	0.08498064516129032
0.6020599913279624	0.063525	0.0682	0.09835	0.063525	0.0682	0.09835
0.6154239528859439	0.0577939393939394	0.062133333333333325	0.10892121212121211	0.0577939393939394	0.062133333333333325	0.10892121212121211
0.6283889300503115	0.05341176470588235	0.05722352941176471	0.11985882352941175	0.05341176470588235	0.05722352941176471	0.11985882352941175
0.640978057358332	0.048639999999999996	0.05222857142857143	0.1281142857142857	0.048639999999999996	0.05222857142857143	0.1281142857142857
0.6532125137753437	0.04413333333333333	0.04742222222222222	0.13333333333333333	0.04413333333333333	0.04742222222222222	0.13333333333333333
0.6651117370750514	0.041102702702702706	0.04415135135135135	0.13731891891891893	0.041102702702702706	0.04415135135135135	0.13731891891891893
0.6766936096248666	0.038	0.040821052631578945	0.1406736842105263	0.038	0.040821052631578945	0.1406736842105263
0.6879746200345557	0.035487179487179485	0.03813333333333333	0.14123076923076922	0.035487179487179485	0.03813333333333333	0.14123076923076922
0.6989700043360189	0.03248	0.03486	0.14434	0.03248	0.03486	0.14434
0.7096938697277919	0.0304	0.03260487804878049	0.1429268292682927	0.0304	0.03260487804878049	0.1429268292682927
0.7201593034059569	0.028057142857142853	0.03011428571428571	0.1448761904761905	0.028057142857142853	0.03011428571428571	0.1448761904761905
0.730378468587643	0.026474418604651166	0.028465116279069766	0.14349767441860464	0.026474418604651166	0.028465116279069766	0.14349767441860464
0.7403626894942439	0.024563636363636364	0.02641818181818182	0.13956363636363636	0.024563636363636364	0.02641818181818182	0.13956363636363636
0.7501225267834001	0.02305777777777778	0.024746666666666667	0.14049777777777778	0.02305777777777778	0.024746666666666667	0.14049777777777778
0.7596678446896304	0.021652173913043478	0.02328695652173913	0.13867826086956522	0.021652173913043478	0.02328695652173913	0.13867826086956522
0.7690078709437739	0.01986382978723404	0.021378723404255316	0.13714042553191488	0.01986382978723404	0.021378723404255316	0.13714042553191488
0.7781512503836436	0.019016666666666664	0.020499999999999997	0.13413333333333333	0.019016666666666664	0.020499999999999997	0.13413333333333333
0.7871060930365701	0.01789387755102041	0.01923265306122449	0.1315265306122449	0.01789387755102041	0.01923265306122449	0.1315265306122449
0.7958800173440752	0.016784	0.018048	0.12552	0.016784	0.018048	0.12552
0.8044801891059927	0.015874509803921567	0.01708235294117647	0.12556862745098038	0.015874509803921567	0.01708235294117647	0.12556862745098038
0.8129133566428556	0.014707692307692309	0.015769230769230768	0.1222923076923077	0.014707692307692309	0.015769230769230768	0.1222923076923077
0.8211858826088455	0.014233962264150942	0.01529056603773585	0.12264150943396226	0.014233962264150942	0.01529056603773585	0.12264150943396226
0.829303772831025	0.0132	0.014177777777777775	0.11773333333333331	0.0132	0.014177777777777775	0.11773333333333331
0.8372727025023002	0.012785454545454546	0.013745454545454545	0.11339636363636363	0.012785454545454546	0.013745454545454545	0.11339636363636363
0.8450980400142568	0.011885714285714284	0.012742857142857143	0.11228571428571428	0.011885714285714284	0.012742857142857143	0.11228571428571428
0.8527848686805478	0.011284210526315789	0.012112280701754385	0.11093333333333333	0.011284210526315789	0.012112280701754385	0.11093333333333333
0.8603380065709937	0.010606896551724138	0.011365517241379311	0.10616551724137932	0.010606896551724138	0.011365517241379311	0.10616551724137932
0.8677620246502006	0.010020338983050846	0.010752542372881355	0.10437966101694916	0.010020338983050846	0.010752542372881355	0.10437966101694916
0.8750612633917001	0.009640000000000001	0.010386666666666666	0.10114666666666668	0.009640000000000001	0.010386666666666666	0.10114666666666668
0.8822398480188235	0.009337704918032787	0.010045901639344263	0.09454426229508198	0.009337704918032787	0.010045901639344263	0.09454426229508198
0.8893017025063102	0.00872258064516129	0.009341935483870968	0.09627096774193548	0.00872258064516129	0.009341935483870968	0.09627096774193548
0.8962505624616381	0.008317460317460317	0.008939682539682539	0.0938031746031746	0.008317460317460317	0.008939682539682539	0.0938031746031746
0.9030899869919435	0.0079625	0.0085625	0.0901875	0.0079625	0.0085625	0.0901875
0.909823369650912	0.007766153846153847	0.008344615384615384	0.08797538461538462	0.007766153846153847	0.008344615384615384	0.08797538461538462
0.9164539485499251	0.007393939393939394	0.007915151515151516	0.08313939393939393	0.007393939393939394	0.007915151515151516	0.08313939393939393
0.9229848157088828	0.006997014925373134	0.00751044776119403	0.08602985074626866	0.006997014925373134	0.00751044776119403	0.08602985074626866
0.9294189257142927	0.006576470588235294	0.007070588235294118	0.0802235294117647	0.006576470588235294	0.007070588235294118	0.0802235294117647
0.9357591037453117	0.006376811594202898	0.006828985507246377	0.0800927536231884	0.006376811594202898	0.006828985507246377	0.0800927536231884
0.9420080530223133	0.006194285714285714	0.006674285714285714	0.07626285714285715	0.006194285714285714	0.006674285714285714	0.07626285714285715
0.9481683617271317	0.005847887323943662	0.006298591549295775	0.07341971830985915	0.005847887323943662	0.006298591549295775	0.07341971830985915
0.9542425094393249	0.005633333333333333	0.006044444444444443	0.07022222222222221	0.005633333333333333	0.006044444444444443	0.07022222222222221
0.9602328731285124	0.005326027397260273	0.005753424657534246	0.06876712328767122	0.005326027397260273	0.005753424657534246	0.06876712328767122
0.9661417327390326	0.005124324324324325	0.005513513513513513	0.0671891891891892	0.005124324324324325	0.005513513513513513	0.0671891891891892
0.9719712763997564	0.004981333333333333	0.005354666666666667	0.06731733333333334	0.004981333333333333	0.005354666666666667	0.06731733333333334
0.9777236052888477	0.004778947368421053	0.0051368421052631575	0.06468421052631579	0.004778947368421053	0.0051368421052631575	0.06468421052631579
0.9834007381805383	0.004571428571428572	0.004924675324675325	0.06243116883116884	0.004571428571428572	0.004924675324675325	0.06243116883116884
0.9890046156985368	0.004369230769230769	0.0046871794871794865	0.06087179487179487	0.004369230769230769	0.0046871794871794865	0.06087179487179487
0.9945371042984978	0.004263291139240506	0.004587341772151899	0.061377215189873414	0.004263291139240506	0.004587341772151899	0.061377215189873414
1.	0.00407	0.004370000000000001	0.06031	0.00407	0.004370000000000001	0.06031
1.0053950318867062	0.003980246913580247	0.004286419753086419	0.05705679012345679	0.003980246913580247	0.004286419753086419	0.05705679012345679
1.0107238653917732	0.003834146341463415	0.004117073170731708	0.05361951219512195	0.003834146341463415	0.004117073170731708	0.05361951219512195
1.0159881053841304	0.0036819277108433735	0.003942168674698795	0.052009638554216864	0.0036819277108433735	0.003942168674698795	0.052009638554216864
1.021189299069938	0.0035428571428571423	0.0038095238095238095	0.0536095238095238	0.0035428571428571423	0.0038095238095238095	0.0536095238095238
1.026328938722349	0.0034447058823529413	0.0037176470588235295	0.05024941176470588	0.0034447058823529413	0.0037176470588235295	0.05024941176470588
1.0314084642516241	0.0032744186046511628	0.0035069767441860463	0.04965581395348838	0.0032744186046511628	0.0035069767441860463	0.04965581395348838
1.036429265626675	0.0031356321839080457	0.0033655172413793104	0.04731954022988505	0.0031356321839080457	0.0033655172413793104	0.04731954022988505
1.0413926851582251	0.0031	0.003336363636363637	0.04574545454545455	0.0031	0.003336363636363637	0.04574545454545455
1.0463000196529693	0.0029213483146067415	0.003128089887640449	0.04630112359550562	0.0029213483146067415	0.003128089887640449	0.04630112359550562
1.0511525224473812	0.002888888888888889	0.0031111111111111114	0.04370666666666667	0.002888888888888889	0.0031111111111111114	0.04370666666666667
1.05595140532915	0.002751648351648352	0.0029538461538461537	0.04307692307692308	0.002751648351648352	0.0029538461538461537	0.04307692307692308
1.0606978403536116	0.0027130434782608693	0.0029304347826086957	0.0406	0.0027130434782608693	0.0029304347826086957	0.0406
1.0653929615619915	0.0025548387096774195	0.0027440860215053762	0.041677419354838714	0.0025548387096774195	0.0027440860215053762	0.041677419354838714
1.070037866607755	0.002476595744680851	0.00265531914893617	0.039872340425531914	0.002476595744680851	0.00265531914893617	0.039872340425531914
1.0746336182969043	0.0024589473684210527	0.0026442105263157893	0.040252631578947366	0.0024589473684210527	0.0026442105263157893	0.040252631578947366
1.0791812460476249	0.002333333333333333	0.0024999999999999996	0.038724999999999996	0.002333333333333333	0.0024999999999999996	0.038724999999999996
1.0836817472743012	0.002292783505154639	0.0024577319587628867	0.037525773195876286	0.002292783505154639	0.0024577319587628867	0.037525773195876286
1.0881360887005513	0.0022122448979591835	0.002383673469387755	0.03598367346938775	0.0022122448979591835	0.002383673469387755	0.03598367346938775
1.0925452076056064	0.0021333333333333334	0.002294949494949495	0.03601616161616162	0.0021333333333333334	0.002294949494949495	0.03601616161616162
1.0969100130080565	0.002096	0.002256	0.034928	0.002096	0.002256	0.034928
1.101231386790699	0.0020435643564356435	0.002194059405940594	0.03216633663366337	0.0020435643564356435	0.002194059405940594	0.03216633663366337
1.105510184769974	0.001952941176470588	0.0021019607843137255	0.03258823529411765	0.001952941176470588	0.0021019607843137255	0.03258823529411765
1.1097472377132287	0.0019106796116504852	0.0020582524271844658	0.03069514563106796	0.0019106796116504852	0.0020582524271844658	0.03069514563106796
1.1139433523068367	0.0018692307692307693	0.002007692307692308	0.030923076923076928	0.0018692307692307693	0.002007692307692308	0.030923076923076928
1.1180993120779945	0.00176	0.0018895238095238097	0.029813333333333334	0.00176	0.0018895238095238097	0.029813333333333334
1.1222158782728267	0.0017735849056603773	0.0019018867924528301	0.03039245283018868	0.0017735849056603773	0.0019018867924528301	0.03039245283018868
1.126293790693266	0.0017121495327102802	0.0018467289719626167	0.027828037383177566	0.0017121495327102802	0.0018467289719626167	0.027828037383177566
1.130333768495006	0.0016592592592592592	0.001785185185185185	0.027459259259259256	0.0016592592592592592	0.001785185185185185	0.027459259259259256
1.13433651094868	0.0016293577981651378	0.0017541284403669727	0.0282348623853211	0.0016293577981651378	0.0017541284403669727	0.0282348623853211
1.1383026981662814	0.0015636363636363634	0.0016872727272727271	0.025956363636363635	0.0015636363636363634	0.0016872727272727271	0.025956363636363635
1.1422329917947138	0.0015135135135135136	0.0016288288288288286	0.026479279279279278	0.0015135135135135136	0.0016288288288288286	0.026479279279279278
1.146128035678238	0.0014857142857142855	0.0015999999999999999	0.0258	0.0014857142857142855	0.0015999999999999999	0.0258
1.1499884564914762	0.0014442477876106196	0.001550442477876106	0.02438230088495575	0.0014442477876106196	0.001550442477876106	0.02438230088495575
1.153814864344529	0.0013894736842105264	0.001494736842105263	0.024519298245614034	0.0013894736842105264	0.001494736842105263	0.024519298245614034
1.157607853361668	0.001391304347826087	0.001488695652173913	0.02456347826086957	0.001391304347826087	0.001488695652173913	0.02456347826086957
1.1613680022349748	0.0013379310344827585	0.0014413793103448275	0.023220689655172412	0.0013379310344827585	0.0014413793103448275	0.023220689655172412
1.1650958747542182	0.0013196581196581198	0.0014153846153846154	0.02338461538461539	0.0013196581196581198	0.0014153846153846154	0.02338461538461539
1.1687920203141817	0.0012610169491525424	0.0013491525423728814	0.022447457627118646	0.0012610169491525424	0.0013491525423728814	0.022447457627118646
1.1724569744005873	0.0012369747899159662	0.0013243697478991594	0.021512605042016807	0.0012369747899159662	0.0013243697478991594	0.021512605042016807