-0.9030899869919435	0.4504	0.0096	0.	0.4504	0.0096	0.
-0.6020599913279624	0.8596	0.7252	0.	0.8596	0.7252	0.
-0.42596873227228116	1.0013333333333332	0.9461333333333333	0.	1.0013333333333332	0.9461333333333333	0.
-0.3010299956639812	1.0138	0.9882	0.	1.0138	0.9882	0.
-0.2041199826559248	0.97296	0.95952	0.	0.97296	0.95952	0.
-0.12493873660829995	0.9105333333333332	0.9041333333333333	0.	0.9105333333333332	0.9041333333333333	0.
-0.057991946977686754	0.8426285714285713	0.8390857142857142	0.	0.8426285714285713	0.8390857142857142	0.
0.	0.777	0.776	0.	0.777	0.776	0.
0.05115252244738129	0.7155555555555556	0.7139555555555556	0.	0.7155555555555556	0.7139555555555556	0.
0.09691001300805642	0.65896	0.6595200000000001	0.	0.65896	0.6595200000000001	0.
0.13830269816628146	0.6076363636363636	0.6076363636363636	0.	0.6076363636363636	0.6076363636363636	0.
0.17609125905568124	0.5615333333333333	0.5616666666666666	0.	0.5615333333333333	0.5616666666666666	0.
0.21085336531489318	0.5190769230769231	0.5195692307692308	0.	0.5190769230769231	0.5195692307692308	0.
0.24303804868629444	0.4823428571428571	0.4830857142857143	0.	0.4823428571428571	0.4830857142857143	0.
0.27300127206373764	0.44992	0.4506133333333333	0.	0.44992	0.4506133333333333	0.
0.3010299956639812	0.4194	0.4202	0.	0.4194	0.4202	0.
0.32735893438633035	0.3928470588235294	0.39345882352941175	0.	0.3928470588235294	0.39345882352941175	0.
0.3521825181113625	0.36795555555555554	0.3685333333333333	0.	0.36795555555555554	0.3685333333333333	0.
0.3756636139608854	0.34572631578947366	0.3461052631578947	0.	0.34572631578947366	0.3461052631578947	0.
0.3979400086720376	0.32496	0.32564000000000004	0.00004	0.32496	0.32564000000000004	0.00004
0.4191293077419757	0.30598095238095235	0.3066285714285714	0.00015238095238095237	0.30598095238095235	0.3066285714285714	0.00015238095238095237
0.43933269383026263	0.2886909090909091	0.2891636363636364	0.0004727272727272727	0.2886909090909091	0.2891636363636364	0.0004727272727272727
0.4586378490256493	0.27262608695652174	0.27283478260869565	0.0015652173913043477	0.27262608695652174	0.27283478260869565	0.0015652173913043477
0.47712125471966244	0.25886666666666663	0.2593333333333333	0.004833333333333334	0.25886666666666663	0.2593333333333333	0.004833333333333334
0.494850021680094	0.245184	0.24569600000000003	0.011968000000000001	0.245184	0.24569600000000003	0.011968000000000001
0.5118833609788743	0.23310769230769235	0.23353846153846156	0.023292307692307695	0.23310769230769235	0.23353846153846156	0.023292307692307695
0.5282737771670437	0.22148148148148147	0.22186666666666666	0.037896296296296296	0.22148148148148147	0.22186666666666666	0.037896296296296296
0.5440680443502757	0.2109142857142857	0.21117142857142857	0.05362857142857143	0.2109142857142857	0.21117142857142857	0.05362857142857143
0.5593080109070125	0.20096551724137932	0.20143448275862066	0.07001379310344828	0.20096551724137932	0.20143448275862066	0.07001379310344828
0.5740312677277188	0.19202666666666665	0.19234666666666667	0.08512	0.19202666666666665	0.19234666666666667	0.08512
0.5882717068423291	0.18338064516129032	0.1835096774193548	0.09899354838709677	0.18338064516129032	0.1835096774193548	0.09899354838709677
0.6020599913279624	0.175	0.175325	0.1104	0.175	0.175325	0.1104
0.6154239528859439	0.16766060606060607	0.16802424242424244	0.11956363636363637	0.16766060606060607	0.16802424242424244	0.11956363636363637
0.6283889300503115	0.16091764705882353	0.16115294117647058	0.12607058823529413	0.16091764705882353	0.16115294117647058	0.12607058823529413
0.640978057358332	0.15412571428571428	0.15439999999999998	0.13033142857142857	0.15412571428571428	0.15439999999999998	0.13033142857142857
0.6532125137753437	0.14808888888888888	0.1483111111111111	0.13262222222222222	0.14808888888888888	0.1483111111111111	0.13262222222222222
0.6651117370750514	0.1420972972972973	0.14237837837837838	0.13375135135135136	0.1420972972972973	0.14237837837837838	0.13375135135135136
0.6766936096248666	0.13690526315789472	0.13705263157894737	0.13406315789473683	0.13690526315789472	0.13705263157894737	0.13406315789473683
0.6879746200345557	0.13148717948717947	0.1316923076923077	0.13306666666666667	0.13148717948717947	0.1316923076923077	0.13306666666666667
0.6989700043360189	0.12632000000000002	0.1265	0.1321	0.12632000000000002	0.1265	0.1321
0.7096938697277919	0.1217560975609756	0.12189268292682928	0.13008780487804877	0.1217560975609756	0.12189268292682928	0.13008780487804877
0.7201593034059569	0.11685714285714285	0.11704761904761905	0.12794285714285714	0.11685714285714285	0.11704761904761905	0.12794285714285714
0.730378468587643	0.11209302325581395	0.11227906976744187	0.12554418604651163	0.11209302325581395	0.11227906976744187	0.12554418604651163
0.7403626894942439	0.10749090909090908	0.10770909090909092	0.12312727272727274	0.10749090909090908	0.10770909090909092	0.12312727272727274
0.7501225267834001	0.10298666666666667	0.10321777777777778	0.1204088888888889	0.10298666666666667	0.10321777777777778	0.1204088888888889
0.7596678446896304	0.09850434782608695	0.09873043478260869	0.11747826086956521	0.09850434782608695	0.09873043478260869	0.11747826086956521
0.7690078709437739	0.09394042553191488	0.09417872340425532	0.11479148936170212	0.09394042553191488	0.09417872340425532	0.11479148936170212
0.7781512503836436	0.08979999999999999	0.09	0.11233333333333334	0.08979999999999999	0.09	0.11233333333333334
0.7871060930365701	0.08540408163265306	0.08563265306122447	0.10940408163265306	0.08540408163265306	0.08563265306122447	0.10940408163265306
0.7958800173440752	0.081504	0.081696	0.10673600000000001	0.081504	0.081696	0.10673600000000001
0.8044801891059927	0.07759999999999999	0.07777254901960784	0.10400000000000001	0.07759999999999999	0.07777254901960784	0.10400000000000001
0.8129133566428556	0.07381538461538462	0.07401538461538462	0.10146153846153846	0.07381538461538462	0.07401538461538462	0.10146153846153846
0.8211858826088455	0.07020377358490566	0.07039999999999999	0.09877735849056603	0.07020377358490566	0.07039999999999999	0.09877735849056603
0.829303772831025	0.06672592592592592	0.0669037037037037	0.09605925925925925	0.06672592592592592	0.0669037037037037	0.09605925925925925
0.8372727025023002	0.06341818181818182	0.06357818181818181	0.09359999999999999	0.06341818181818182	0.06357818181818181	0.09359999999999999
0.8450980400142568	0.060257142857142856	0.060399999999999995	0.09087142857142856	0.060257142857142856	0.060399999999999995	0.09087142857142856
0.8527848686805478	0.05740350877192982	0.0575719298245614	0.08821052631578946	0.05740350877192982	0.0575719298245614	0.08821052631578946
0.8603380065709937	0.05463448275862069	0.054786206896551726	0.08550344827586207	0.05463448275862069	0.054786206896551726	0.08550344827586207
0.8677620246502006	0.052	0.052135593220338984	0.08290169491525425	0.052	0.052135593220338984	0.08290169491525425
0.8750612633917001	0.049453333333333335	0.04958666666666667	0.08027999999999999	0.049453333333333335	0.04958666666666667	0.08027999999999999
0.8822398480188235	0.047186885245901644	0.04733114754098361	0.07742950819672131	0.047186885245901644	0.04733114754098361	0.07742950819672131
0.8893017025063102	0.045006451612903224	0.04514838709677419	0.07499354838709678	0.045006451612903224	0.04514838709677419	0.07499354838709678
0.8962505624616381	0.04293333333333333	0.04306031746031746	0.07229206349206349	0.04293333333333333	0.04306031746031746	0.07229206349206349
0.9030899869919435	0.0410375	0.0411875	0.0698875	0.0410375	0.0411875	0.0698875
0.909823369650912	0.039224615384615386	0.039347692307692306	0.06743384615384616	0.039224615384615386	0.039347692307692306	0.06743384615384616
0.9164539485499251	0.03746666666666667	0.03758787878787879	0.06493333333333333	0.03746666666666667	0.03758787878787879	0.06493333333333333
0.9229848157088828	0.03583283582089552	0.03592835820895522	0.06266268656716419	0.03583283582089552	0.03592835820895522	0.06266268656716419
0.9294189257142927	0.03431764705882353	0.03442352941176471	0.06025882352941176	0.03431764705882353	0.03442352941176471	0.06025882352941176
0.9357591037453117	0.03288115942028986	0.032973913043478256	0.05812173913043478	0.03288115942028986	0.032973913043478256	0.05812173913043478
0.9420080530223133	0.03150857142857143	0.0316	0.05587428571428571	0.03150857142857143	0.0316	0.05587428571428571
0.9481683617271317	0.030208450704225353	0.03028732394366197	0.05383661971830986	0.030208450704225353	0.03028732394366197	0.05383661971830986
0.9542425094393249	0.02901111111111111	0.0291	0.051833333333333335	0.02901111111111111	0.0291	0.051833333333333335
0.9602328731285124	0.02781369863013699	0.027901369863013697	0.049906849315068495	0.02781369863013699	0.027901369863013697	0.049906849315068495
0.9661417327390326	0.026702702702702703	0.02677837837837838	0.04793513513513514	0.026702702702702703	0.02677837837837838	0.04793513513513514
0.9719712763997564	0.025696000000000004	0.02577066666666667	0.046304000000000005	0.025696000000000004	0.02577066666666667	0.046304000000000005
0.9777236052888477	0.024684210526315788	0.02474736842105263	0.04456842105263158	0.024684210526315788	0.02474736842105263	0.04456842105263158
0.9834007381805383	0.023729870129870132	0.023802597402597405	0.04288831168831169	0.023729870129870132	0.023802597402597405	0.04288831168831169
0.9890046156985368	0.02282051282051282	0.02289230769230769	0.04141538461538461	0.02282051282051282	0.02289230769230769	0.04141538461538461
0.9945371042984978	0.02203544303797468	0.02209620253164557	0.03997974683544304	0.02203544303797468	0.02209620253164557	0.03997974683544304
1.	0.02123	0.021290000000000003	0.03851	0.02123	0.021290000000000003	0.03851
1.0053950318867062	0.020404938271604937	0.020464197530864196	0.03711604938271605	0.020404938271604937	0.020464197530864196	0.03711604938271605
1.0107238653917732	0.019707317073170735	0.019765853658536586	0.03579512195121951	0.019707317073170735	0.019765853658536586	0.03579512195121951
1.0159881053841304	0.018997590361445785	0.01905542168674699	0.034583132530120485	0.018997590361445785	0.01905542168674699	0.034583132530120485
1.021189299069938	0.018352380952380953	0.01840952380952381	0.03343809523809524	0.018352380952380953	0.01840952380952381	0.03343809523809524
1.026328938722349	0.017684705882352943	0.017731764705882353	0.03225411764705882	0.017684705882352943	0.017731764705882353	0.03225411764705882
1.0314084642516241	0.01709767441860465	0.017144186046511627	0.031227906976744185	0.01709767441860465	0.017144186046511627	0.031227906976744185
1.036429265626675	0.01653333333333333	0.016579310344827587	0.03013333333333333	0.01653333333333333	0.016579310344827587	0.03013333333333333
1.0413926851582251	0.01599090909090909	0.016036363636363637	0.029118181818181817	0.01599090909090909	0.016036363636363637	0.029118181818181817
1.0463000196529693	0.015424719101123596	0.015469662921348314	0.028251685393258428	0.015424719101123596	0.015469662921348314	0.028251685393258428
1.0511525224473812	0.014942222222222223	0.014986666666666667	0.027262222222222222	0.014942222222222223	0.014986666666666667	0.027262222222222222
1.05595140532915	0.014435164835164837	0.01447032967032967	0.026400000000000003	0.014435164835164837	0.01447032967032967	0.026400000000000003
1.0606978403536116	0.013973913043478262	0.014017391304347827	0.025530434782608698	0.013973913043478262	0.014017391304347827	0.025530434782608698
1.0653929615619915	0.013565591397849464	0.013608602150537635	0.024808602150537637	0.013565591397849464	0.013608602150537635	0.024808602150537637
1.070037866607755	0.013106382978723404	0.013140425531914895	0.024051063829787236	0.013106382978723404	0.013140425531914895	0.024051063829787236
1.0746336182969043	0.01271578947368421	0.012749473684210526	0.023284210526315793	0.01271578947368421	0.012749473684210526	0.023284210526315793
1.0791812460476249	0.012316666666666665	0.012358333333333332	0.022616666666666663	0.012316666666666665	0.012358333333333332	0.022616666666666663
1.0836817472743012	0.011942268041237113	0.011975257731958762	0.02191340206185567	0.011942268041237113	0.011975257731958762	0.02191340206185567
1.0881360887005513	0.011591836734693876	0.011632653061224487	0.02126530612244898	0.011591836734693876	0.011632653061224487	0.02126530612244898
1.0925452076056064	0.011224242424242425	0.011264646464646465	0.020606060606060607	0.011224242424242425	0.011264646464646465	0.020606060606060607
1.0969100130080565	0.010904	0.010936	0.020007999999999998	0.010904	0.010936	0.020007999999999998
1.101231386790699	0.010598019801980198	0.010629702970297032	0.01942970297029703	0.010598019801980198	0.010629702970297032	0.01942970297029703
1.105510184769974	0.010258823529411765	0.010290196078431374	0.018909803921568626	0.010258823529411765	0.010290196078431374	0.018909803921568626
1.1097472377132287	0.009980582524271845	0.010019417475728154	0.018314563106796116	0.009980582524271845	0.010019417475728154	0.018314563106796116
1.1139433523068367	0.00970769230769231	0.009738461538461538	0.01784615384615385	0.00970769230769231	0.009738461538461538	0.01784615384615385
1.1180993120779945	0.009424761904761906	0.009455238095238096	0.017295238095238096	0.009424761904761906	0.009455238095238096	0.017295238095238096
1.1222158782728267	0.009162264150943395	0.009192452830188678	0.016845283018867924	0.009162264150943395	0.009192452830188678	0.016845283018867924
1.126293790693266	0.00891214953271028	0.008942056074766355	0.01638878504672897	0.00891214953271028	0.008942056074766355	0.01638878504672897
1.130333768495006	0.008659259259259259	0.008688888888888888	0.01591851851851852	0.008659259259259259	0.008688888888888888	0.01591851851851852
1.13433651094868	0.008440366972477065	0.008462385321100918	0.015522935779816513	0.008440366972477065	0.008462385321100918	0.015522935779816513
1.1383026981662814	0.008203636363636363	0.008225454545454546	0.015076363636363636	0.008203636363636363	0.008225454545454546	0.015076363636363636
1.1422329917947138	0.007978378378378378	0.008	0.014695495495495495	0.007978378378378378	0.008	0.014695495495495495
1.146128035678238	0.007764285714285714	0.007792857142857143	0.014321428571428572	0.007764285714285714	0.007792857142857143	0.014321428571428572
1.1499884564914762	0.007561061946902655	0.007582300884955752	0.01391150442477876	0.007561061946902655	0.007582300884955752	0.01391150442477876
1.153814864344529	0.007361403508771929	0.007382456140350877	0.013578947368421052	0.007361403508771929	0.007382456140350877	0.013578947368421052
1.157607853361668	0.00718608695652174	0.007206956521739131	0.013252173913043478	0.00718608695652174	0.007206956521739131	0.013252173913043478
1.1613680022349748	0.006993103448275862	0.007020689655172414	0.012868965517241378	0.006993103448275862	0.007020689655172414	0.012868965517241378
1.1650958747542182	0.006823931623931624	0.006844444444444445	0.012567521367521367	0.006823931623931624	0.006844444444444445	0.012567521367521367
1.1687920203141817	0.006630508474576271	0.006657627118644068	0.012271186440677966	0.006630508474576271	0.006657627118644068	0.012271186440677966
1.1724569744005873	0.006487394957983193	0.006514285714285714	0.011932773109243696	0.006487394957983193	0.006514285714285714	0.011932773109243696