-0.9030899869919435	-0.1144	-0.0088	0.	0.1144	0.0088	0.
-0.6020599913279624	-0.1952	-0.4012	0.	0.1952	0.4012	0.
-0.42596873227228116	-0.20346666666666668	-0.37093333333333334	0.	0.20346666666666668	0.37093333333333334	0.
-0.3010299956639812	-0.1826	-0.305	0.	0.1826	0.305	0.
-0.2041199826559248	-0.15552	-0.24624000000000001	0.	0.15552	0.24624000000000001	0.
-0.12493873660829995	-0.1297333333333333	-0.19906666666666664	0.	0.1297333333333333	0.19906666666666664	0.
-0.057991946977686754	-0.10788571428571428	-0.16194285714285714	0.	0.10788571428571428	0.16194285714285714	0.
0.	-0.0903	-0.1342	0.	0.0903	0.1342	0.
0.05115252244738129	-0.07564444444444443	-0.11102222222222222	0.	0.07564444444444443	0.11102222222222222	0.
0.09691001300805642	-0.06424	-0.09416000000000001	0.	0.06424	0.09416000000000001	0.
0.13830269816628146	-0.05476363636363637	-0.08007272727272728	0.	0.05476363636363637	0.08007272727272728	0.
0.17609125905568124	-0.04706666666666666	-0.06873333333333333	0.	0.04706666666666666	0.06873333333333333	0.
0.21085336531489318	-0.04067692307692308	-0.05932307692307692	0.	0.04067692307692308	0.05932307692307692	0.
0.24303804868629444	-0.03554285714285714	-0.051885714285714285	0.	0.03554285714285714	0.051885714285714285	0.
0.27300127206373764	-0.031413333333333335	-0.04597333333333333	0.	0.031413333333333335	0.04597333333333333	0.
0.3010299956639812	-0.0277	-0.04055	0.	0.0277	0.04055	0.
0.32735893438633035	-0.024658823529411764	-0.03614117647058823	0.	0.024658823529411764	0.03614117647058823	0.
0.3521825181113625	-0.02213333333333333	-0.03244444444444444	0.	0.02213333333333333	0.03244444444444444	0.
0.3756636139608854	-0.01991578947368421	-0.029221052631578946	0.	0.01991578947368421	0.029221052631578946	0.
0.3979400086720376	-0.01804	-0.02656	0.	0.01804	0.02656	0.
0.4191293077419757	-0.016380952380952378	-0.02422857142857143	0.	0.016380952380952378	0.02422857142857143	0.
0.43933269383026263	-0.01490909090909091	-0.02203636363636364	-0.000036363636363636364	0.01490909090909091	0.02203636363636364	0.000036363636363636364
0.4586378490256493	-0.013600000000000001	-0.02020869565217391	-0.00017391304347826088	0.013600000000000001	0.02020869565217391	0.00017391304347826088
0.47712125471966244	-0.012499999999999999	-0.018533333333333332	-0.0006	0.012499999999999999	0.018533333333333332	0.0006
0.494850021680094	-0.011488	-0.01712	-0.001568	0.011488	0.01712	0.001568
0.5118833609788743	-0.010615384615384617	-0.015846153846153847	-0.0031692307692307692	0.010615384615384617	0.015846153846153847	0.0031692307692307692
0.5282737771670437	-0.009807407407407405	-0.014548148148148147	-0.005303703703703703	0.009807407407407405	0.014548148148148147	0.005303703703703703
0.5440680443502757	-0.009114285714285714	-0.013600000000000001	-0.0078	0.009114285714285714	0.013600000000000001	0.0078
0.5593080109070125	-0.008496551724137932	-0.012744827586206896	-0.010317241379310345	0.008496551724137932	0.012744827586206896	0.010317241379310345
0.5740312677277188	-0.007866666666666666	-0.011786666666666668	-0.012746666666666667	0.007866666666666666	0.011786666666666668	0.012746666666666667
0.5882717068423291	-0.007406451612903225	-0.01104516129032258	-0.015148387096774194	0.007406451612903225	0.01104516129032258	0.015148387096774194
0.6020599913279624	-0.006925	-0.01035	-0.017225	0.006925	0.01035	0.017225
0.6154239528859439	-0.006472727272727273	-0.00976969696969697	-0.01886060606060606	0.006472727272727273	0.00976969696969697	0.01886060606060606
0.6283889300503115	-0.006117647058823529	-0.0092	-0.020399999999999998	0.006117647058823529	0.0092	0.020399999999999998
0.640978057358332	-0.005737142857142857	-0.00864	-0.021485714285714285	0.005737142857142857	0.00864	0.021485714285714285
0.6532125137753437	-0.005399999999999999	-0.008088888888888889	-0.022088888888888887	0.005399999999999999	0.008088888888888889	0.022088888888888887
0.6651117370750514	-0.005124324324324325	-0.0076972972972972975	-0.022551351351351355	0.005124324324324325	0.0076972972972972975	0.022551351351351355
0.6766936096248666	-0.004842105263157894	-0.0073052631578947366	-0.022905263157894734	0.004842105263157894	0.0073052631578947366	0.022905263157894734
0.6879746200345557	-0.004615384615384615	-0.006953846153846153	-0.02283076923076923	0.004615384615384615	0.006953846153846153	0.02283076923076923
0.6989700043360189	-0.00438	-0.006600000000000001	-0.023080000000000003	0.00438	0.006600000000000001	0.023080000000000003
0.7096938697277919	-0.00415609756097561	-0.006282926829268292	-0.02284878048780488	0.00415609756097561	0.006282926829268292	0.02284878048780488
0.7201593034059569	-0.003942857142857143	-0.005961904761904762	-0.022819047619047617	0.003942857142857143	0.005961904761904762	0.022819047619047617
0.730378468587643	-0.0037767441860465114	-0.005748837209302325	-0.022567441860465116	0.0037767441860465114	0.005748837209302325	0.022567441860465116
0.7403626894942439	-0.0036000000000000003	-0.005454545454545454	-0.022	0.0036000000000000003	0.005454545454545454	0.022
0.7501225267834001	-0.0034311111111111113	-0.005208888888888889	-0.021902222222222222	0.0034311111111111113	0.005208888888888889	0.021902222222222222
0.7596678446896304	-0.0032869565217391304	-0.005008695652173913	-0.021530434782608694	0.0032869565217391304	0.005008695652173913	0.021530434782608694
0.7690078709437739	-0.0031148936170212766	-0.004731914893617021	-0.021208510638297873	0.0031148936170212766	0.004731914893617021	0.021208510638297873
0.7781512503836436	-0.0029999999999999996	-0.004583333333333333	-0.020816666666666664	0.0029999999999999996	0.004583333333333333	0.020816666666666664
0.7871060930365701	-0.002873469387755102	-0.004375510204081633	-0.02034285714285714	0.002873469387755102	0.004375510204081633	0.02034285714285714
0.7958800173440752	-0.002752	-0.004192	-0.019664	0.002752	0.004192	0.019664
0.8044801891059927	-0.0026509803921568624	-0.004062745098039215	-0.01948235294117647	0.0026509803921568624	0.004062745098039215	0.01948235294117647
0.8129133566428556	-0.0025230769230769235	-0.003830769230769231	-0.018984615384615385	0.0025230769230769235	0.003830769230769231	0.018984615384615385
0.8211858826088455	-0.0024452830188679245	-0.003743396226415094	-0.0188377358490566	0.0024452830188679245	0.003743396226415094	0.0188377358490566
0.829303772831025	-0.0023259259259259257	-0.00357037037037037	-0.018325925925925926	0.0023259259259259257	0.00357037037037037	0.018325925925925926
0.8372727025023002	-0.002283636363636363	-0.003490909090909091	-0.017759999999999998	0.002283636363636363	0.003490909090909091	0.017759999999999998
0.8450980400142568	-0.002171428571428571	-0.003314285714285714	-0.017471428571428572	0.002171428571428571	0.003314285714285714	0.017471428571428572
0.8527848686805478	-0.0020912280701754385	-0.003214035087719298	-0.017221052631578946	0.0020912280701754385	0.003214035087719298	0.017221052631578946
0.8603380065709937	-0.002013793103448276	-0.0030758620689655173	-0.016648275862068965	0.002013793103448276	0.0030758620689655173	0.016648275862068965
0.8677620246502006	-0.0019389830508474576	-0.0029694915254237287	-0.016379661016949154	0.0019389830508474576	0.0029694915254237287	0.016379661016949154
0.8750612633917001	-0.00188	-0.00288	-0.015986666666666666	0.00188	0.00288	0.015986666666666666
0.8822398480188235	-0.0018360655737704918	-0.002832786885245902	-0.015200000000000002	0.0018360655737704918	0.002832786885245902	0.015200000000000002
0.8893017025063102	-0.0017548387096774191	-0.0026838709677419353	-0.0152	0.0017548387096774191	0.0026838709677419353	0.0152
0.8962505624616381	-0.0017015873015873016	-0.002615873015873016	-0.014882539682539681	0.0017015873015873016	0.002615873015873016	0.014882539682539681
0.9030899869919435	-0.00165	-0.002525	-0.014425	0.00165	0.002525	0.014425
0.909823369650912	-0.0016123076923076924	-0.002473846153846154	-0.014116923076923077	0.0016123076923076924	0.002473846153846154	0.014116923076923077
0.9164539485499251	-0.0015636363636363636	-0.0024000000000000002	-0.013575757575757576	0.0015636363636363636	0.0024000000000000002	0.013575757575757576
0.9229848157088828	-0.0015044776119402985	-0.0023164179104477613	-0.013671641791044777	0.0015044776119402985	0.0023164179104477613	0.013671641791044777
0.9294189257142927	-0.0014470588235294117	-0.002223529411764706	-0.013035294117647058	0.0014470588235294117	0.002223529411764706	0.013035294117647058
0.9357591037453117	-0.0014144927536231884	-0.0021681159420289856	-0.013008695652173913	0.0014144927536231884	0.0021681159420289856	0.013008695652173913
0.9420080530223133	-0.0013828571428571427	-0.0021371428571428574	-0.01256	0.0013828571428571427	0.0021371428571428574	0.01256
0.9481683617271317	-0.0013295774647887324	-0.0020619718309859156	-0.012180281690140845	0.0013295774647887324	0.0020619718309859156	0.012180281690140845
0.9542425094393249	-0.0013	-0.0019999999999999996	-0.011788888888888889	0.0013	0.0019999999999999996	0.011788888888888889
0.9602328731285124	-0.0012493150684931506	-0.0019287671232876712	-0.011572602739726027	0.0012493150684931506	0.0019287671232876712	0.011572602739726027
0.9661417327390326	-0.0012216216216216216	-0.001881081081081081	-0.011286486486486488	0.0012216216216216216	0.001881081081081081	0.011286486486486488
0.9719712763997564	-0.0011946666666666668	-0.0018453333333333334	-0.011274666666666667	0.0011946666666666668	0.0018453333333333334	0.011274666666666667
0.9777236052888477	-0.0011578947368421052	-0.0018	-0.01091578947368421	0.0011578947368421052	0.0018	0.01091578947368421
0.9834007381805383	-0.0011220779220779222	-0.0017350649350649351	-0.010618181818181818	0.0011220779220779222	0.0017350649350649351	0.010618181818181818
0.9890046156985368	-0.001087179487179487	-0.0016717948717948716	-0.010420512820512819	0.001087179487179487	0.0016717948717948716	0.010420512820512819
0.9945371042984978	-0.0010632911392405063	-0.0016506329113924049	-0.010420253164556963	0.0010632911392405063	0.0016506329113924049	0.010420253164556963
1.	-0.00104	-0.00161	-0.01021	0.00104	0.00161	0.01021
1.0053950318867062	-0.001017283950617284	-0.0015802469135802468	-0.009866666666666666	0.001017283950617284	0.0015802469135802468	0.009866666666666666
1.0107238653917732	-0.0009951219512195123	-0.0015414634146341465	-0.009463414634146343	0.0009951219512195123	0.0015414634146341465	0.009463414634146343
1.0159881053841304	-0.0009734939759036145	-0.0015036144578313253	-0.009310843373493976	0.0009734939759036145	0.0015036144578313253	0.009310843373493976
1.021189299069938	-0.0009428571428571429	-0.001457142857142857	-0.009342857142857142	0.0009428571428571429	0.001457142857142857	0.009342857142857142
1.026328938722349	-0.0009223529411764705	-0.0014305882352941175	-0.008960000000000001	0.0009223529411764705	0.0014305882352941175	0.008960000000000001
1.0314084642516241	-0.0008930232558139534	-0.0013767441860465116	-0.008865116279069767	0.0008930232558139534	0.0013767441860465116	0.008865116279069767
1.036429265626675	-0.0008735632183908045	-0.0013425287356321838	-0.008560919540229885	0.0008735632183908045	0.0013425287356321838	0.008560919540229885
1.0413926851582251	-0.0008545454545454546	-0.0013363636363636364	-0.008363636363636363	0.0008545454545454546	0.0013363636363636364	0.008363636363636363
1.0463000196529693	-0.0008269662921348315	-0.0012674157303370786	-0.008359550561797753	0.0008269662921348315	0.0012674157303370786	0.008359550561797753
1.0511525224473812	-0.0008177777777777778	-0.001271111111111111	-0.008062222222222222	0.0008177777777777778	0.001271111111111111	0.008062222222222222
1.05595140532915	-0.0007912087912087913	-0.0012307692307692308	-0.007903296703296703	0.0007912087912087913	0.0012307692307692308	0.007903296703296703
1.0606978403536116	-0.0007826086956521738	-0.001217391304347826	-0.007669565217391304	0.0007826086956521738	0.001217391304347826	0.007669565217391304
1.0653929615619915	-0.000756989247311828	-0.0011698924731182796	-0.007681720430107528	0.000756989247311828	0.0011698924731182796	0.007681720430107528
1.070037866607755	-0.0007404255319148936	-0.0011404255319148937	-0.007480851063829788	0.0007404255319148936	0.0011404255319148937	0.007480851063829788
1.0746336182969043	-0.0007326315789473683	-0.0011368421052631579	-0.007486315789473685	0.0007326315789473683	0.0011368421052631579	0.007486315789473685
1.0791812460476249	-0.0007083333333333334	-0.0010999999999999998	-0.007275	0.0007083333333333334	0.0010999999999999998	0.007275
1.0836817472743012	-0.0007010309278350516	-0.0010886597938144329	-0.007125773195876289	0.0007010309278350516	0.0010886597938144329	0.007125773195876289
1.0881360887005513	-0.0006857142857142856	-0.0010693877551020408	-0.0069469387755102035	0.0006857142857142856	0.0010693877551020408	0.0069469387755102035
1.0925452076056064	-0.0006707070707070707	-0.0010505050505050506	-0.0068686868686868695	0.0006707070707070707	0.0010505050505050506	0.0068686868686868695
1.0969100130080565	-0.0006560000000000001	-0.001016	-0.0066879999999999995	0.0006560000000000001	0.001016	0.0066879999999999995
1.101231386790699	-0.0006415841584158416	-0.001005940594059406	-0.0064316831683168315	0.0006415841584158416	0.001005940594059406	0.0064316831683168315
1.105510184769974	-0.0006274509803921569	-0.0009725490196078431	-0.006415686274509804	0.0006274509803921569	0.0009725490196078431	0.006415686274509804
1.1097472377132287	-0.0006213592233009709	-0.0009631067961165048	-0.00618252427184466	0.0006213592233009709	0.0009631067961165048	0.00618252427184466
1.1139433523068367	-0.0006076923076923078	-0.0009461538461538462	-0.006192307692307693	0.0006076923076923078	0.0009461538461538462	0.006192307692307693
1.1180993120779945	-0.0005866666666666668	-0.0009066666666666668	-0.00601904761904762	0.0005866666666666668	0.0009066666666666668	0.00601904761904762
1.1222158782728267	-0.0005886792452830188	-0.0009132075471698113	-0.0060377358490566035	0.0005886792452830188	0.0009132075471698113	0.0060377358490566035
1.126293790693266	-0.0005757009345794392	-0.000897196261682243	-0.005734579439252336	0.0005757009345794392	0.000897196261682243	0.005734579439252336
1.130333768495006	-0.0005555555555555556	-0.0008666666666666666	-0.005674074074074074	0.0005555555555555556	0.0008666666666666666	0.005674074074074074
1.13433651094868	-0.0005504587155963303	-0.0008660550458715597	-0.0057321100917431195	0.0005504587155963303	0.0008660550458715597	0.0057321100917431195
1.1383026981662814	-0.0005381818181818182	-0.0008436363636363636	-0.005454545454545454	0.0005381818181818182	0.0008436363636363636	0.005454545454545454
1.1422329917947138	-0.0005261261261261262	-0.0008144144144144143	-0.0054990990990991	0.0005261261261261262	0.0008144144144144143	0.0054990990990991
1.146128035678238	-0.0005214285714285714	-0.0008142857142857142	-0.005378571428571429	0.0005214285714285714	0.0008142857142857142	0.005378571428571429
1.1499884564914762	-0.0005097345132743363	-0.0007929203539823008	-0.005224778761061947	0.0005097345132743363	0.0007929203539823008	0.005224778761061947
1.153814864344529	-0.0004982456140350877	-0.0007789473684210527	-0.0052	0.0004982456140350877	0.0007789473684210527	0.0052
1.157607853361668	-0.0004939130434782609	-0.0007652173913043478	-0.005161739130434783	0.0004939130434782609	0.0007652173913043478	0.005161739130434783
1.1613680022349748	-0.0004827586206896552	-0.0007586206896551724	-0.0049793103448275864	0.0004827586206896552	0.0007586206896551724	0.0049793103448275864
1.1650958747542182	-0.0004786324786324787	-0.0007521367521367522	-0.004970940170940172	0.0004786324786324787	0.0007521367521367522	0.004970940170940172
1.1687920203141817	-0.00046101694915254233	-0.0007186440677966102	-0.0048813559322033895	0.00046101694915254233	0.0007186440677966102	0.0048813559322033895
1.1724569744005873	-0.0004571428571428571	-0.0007126050420168066	-0.004685714285714285	0.0004571428571428571	0.0007126050420168066	0.004685714285714285